Jet-A1_con2 FSC=192 ppmm

1e+11 2.093e+15
3e+11 2.089e+15
5e+11 2.085e+15
1e+12 2.075e+15
3e+12 2.044e+15
5e+12 2.021e+15
1e+13 1.934e+15
1.5e+13 1.859e+15
2e+13 1.79e+15
2.5e+13 1.668e+15
3e+13 1.579e+15
4e+13 1.39e+15
5e+13 1.227e+15
6e+13 1.049e+15
8e+13 7.981e+14
1e+14 5.858e+14
1.5e+14 2.943e+14
2e+14 2.302e+14
2.5e+14 2.533e+14
3e+14 2.952e+14
4e+14 3.853e+14
5e+14 4.751e+14
6e+14 5.635e+14
8e+14 7.364e+14
1e+15 9.044e+14
1.5e+15 1.308e+15
2e+15 1.693e+15
2.5e+15 2.06e+15
3e+15 2.413e+15
4e+15 3.081e+15
5e+15 3.709e+15
6e+15 4.301e+15
8e+15 5.377e+15
1e+16 6.325e+15


HEFA_con2 FSC=75 ppmm

1e+11 5.217e+14
3e+11 5.171e+14
5e+11 5.128e+14
1e+12 5.019e+14
3e+12 4.802e+14
5e+12 4.523e+14
1e+13 3.745e+14
1.5e+13 3.336e+14
2e+13 2.796e+14
2.5e+13 2.421e+14
3e+13 2.069e+14
4e+13 1.503e+14
5e+13 1.132e+14
6e+13 9.417e+13
8e+13 9.262e+13
1e+14 1.074e+14
1.5e+14 1.533e+14
2e+14 2.001e+14
2.5e+14 2.464e+14
3e+14 2.923e+14
4e+14 3.826e+14
5e+14 4.712e+14
6e+14 5.583e+14
8e+14 7.276e+14
1e+15 8.915e+14
1.5e+15 1.284e+15
2e+15 1.656e+15
2.5e+15 2.008e+15
3e+15 2.345e+15
4e+15 2.982e+15
5e+15 3.576e+15
6e+15 4.133e+15
8e+15 5.151e+15
1e+16 6.054e+15

HEFA FSC=3.2 ppmm

1e+11 7.51e+13
3e+11 7.348e+13
5e+11 7.322e+13
1e+12 6.974e+13
3e+12 5.693e+13
5e+12 4.406e+13
1e+13 3.082e+13
1.5e+13 3.2e+13
2e+13 3.508e+13
2.5e+13 3.872e+13
3e+13 4.266e+13
4e+13 5.106e+13
5e+13 5.984e+13
6e+13 6.883e+13
8e+13 8.714e+13
1e+14 1.056e+14
1.5e+14 1.519e+14
2e+14 1.978e+14
2.5e+14 2.432e+14
3e+14 2.878e+14
4e+14 3.755e+14
5e+14 4.609e+14
6e+14 5.446e+14
8e+14 7.065e+14
1e+15 8.622e+14
1.5e+15 1.23e+15
2e+15 1.575e+15
2.5e+15 1.902e+15
3e+15 2.213e+15
4e+15 2.791e+15
5e+15 3.325e+15
6e+15 3.822e+15
8e+15 4.718e+15
1e+16 5.508e+15
