Jet-A1 218 K

1e+11 2.093e+15
3e+11 2.089e+15
5e+11 2.085e+15
1e+12 2.075e+15
3e+12 2.044e+15
5e+12 2.021e+15
1e+13 1.934e+15
1.5e+13 1.859e+15
2e+13 1.79e+15
2.5e+13 1.668e+15
3e+13 1.579e+15
4e+13 1.39e+15
5e+13 1.227e+15
6e+13 1.049e+15
8e+13 7.981e+14
1e+14 5.858e+14
1.5e+14 2.943e+14
2e+14 2.302e+14
2.5e+14 2.533e+14
3e+14 2.952e+14
4e+14 3.853e+14
5e+14 4.751e+14
6e+14 5.635e+14
8e+14 7.364e+14
1e+15 9.044e+14
1.5e+15 1.308e+15
2e+15 1.693e+15
2.5e+15 2.06e+15
3e+15 2.413e+15
4e+15 3.081e+15
5e+15 3.709e+15
6e+15 4.301e+15
8e+15 5.377e+15
1e+16 6.325e+15


Jet-A1 216 K

1e+11 3.593e+15
3e+11 3.588e+15
5e+11 3.584e+15
1e+12 3.574e+15
3e+12 3.53e+15
5e+12 3.489e+15
1e+13 3.394e+15
1.5e+13 3.184e+15
2e+13 3.059e+15
2.5e+13 2.911e+15
3e+13 2.818e+15
4e+13 2.593e+15
5e+13 2.414e+15
6e+13 2.169e+15
8e+13 1.837e+15
1e+14 1.467e+15
1.5e+14 8.776e+14
2e+14 4.951e+14
2.5e+14 3.48e+14
3e+14 3.287e+14
4e+14 3.96e+14
5e+14 4.869e+14
6e+14 5.786e+14
8e+14 7.596e+14
1e+15 9.371e+14
1.5e+15 1.366e+15
2e+15 1.777e+15
2.5e+15 2.173e+15
3e+15 2.558e+15
4e+15 3.292e+15
5e+15 3.985e+15
6e+15 4.643e+15
8e+15 5.872e+15
1e+16 7.005e+15


Jet-A1 220 K

1e+11 9.97e+14
3e+11 9.956e+14
5e+11 9.932e+14
1e+12 9.865e+14
3e+12 9.589e+14
5e+12 9.225e+14
1e+13 8.048e+14
1.5e+13 7.587e+14
2e+13 6.922e+14
2.5e+13 6.338e+14
3e+13 5.595e+14
4e+13 4.62e+14
5e+13 3.713e+14
6e+13 3.015e+14
8e+13 2.013e+14
1e+14 1.533e+14
1.5e+14 1.554e+14
2e+14 1.964e+14
2.5e+14 2.405e+14
3e+14 2.845e+14
4e+14 3.707e+14
5e+14 4.549e+14
6e+14 5.374e+14
8e+14 6.978e+14
1e+15 8.528e+14
1.5e+15 1.221e+15
2e+15 1.566e+15
2.5e+15 1.894e+15
3e+15 2.205e+15
4e+15 2.78e+15
5e+15 3.295e+15
6e+15 3.751e+15
8e+15 4.523e+15
1e+16 5.141e+15




SPK 218 K

1e+11 7.471e+13
3e+11 7.315e+13
5e+11 7.307e+13
1e+12 6.939e+13
3e+12 5.646e+13
5e+12 4.392e+13
1e+13 3.077e+13
1.5e+13 3.199e+13
2e+13 3.507e+13
2.5e+13 3.872e+13
3e+13 4.266e+13
4e+13 5.106e+13
5e+13 5.983e+13
6e+13 6.881e+13
8e+13 8.712e+13
1e+14 1.056e+14
1.5e+14 1.519e+14
2e+14 1.977e+14
2.5e+14 2.43e+14
3e+14 2.876e+14
4e+14 3.751e+14
5e+14 4.605e+14
6e+14 5.439e+14
8e+14 7.057e+14
1e+15 8.61e+14
1.5e+15 1.228e+15
2e+15 1.572e+15
2.5e+15 1.897e+15
3e+15 2.206e+15
4e+15 2.784e+15
5e+15 3.315e+15
6e+15 3.808e+15
8e+15 4.703e+15
1e+16 5.491e+15


SPK 216 K

1e+11 4.612e+14
3e+11 4.595e+14
5e+11 4.565e+14
1e+12 4.527e+14
3e+12 4.289e+14
5e+12 3.9e+14
1e+13 3.352e+14
1.5e+13 2.592e+14
2e+13 2.076e+14
2.5e+13 1.324e+14
3e+13 7.596e+13
4e+13 5.693e+13
5e+13 6.134e+13
6e+13 6.934e+13
8e+13 8.775e+13
1e+14 1.066e+14
1.5e+14 1.54e+14
2e+14 2.013e+14
2.5e+14 2.482e+14
3e+14 2.948e+14
4e+14 3.867e+14
5e+14 4.767e+14
6e+14 5.652e+14
8e+14 7.377e+14
1e+15 9.053e+14
1.5e+15 1.305e+15
2e+15 1.682e+15
2.5e+15 2.041e+15
3e+15 2.385e+15
4e+15 3.034e+15
5e+15 3.643e+15
6e+15 4.209e+15
8e+15 5.247e+15
1e+16 6.19e+15


SPK 220 K

1e+11 2.219e+13
3e+11 2.225e+13
5e+11 2.234e+13
1e+12 2.251e+13
3e+12 2.332e+13
5e+12 2.426e+13
1e+13 2.709e+13
1.5e+13 3.041e+13
2e+13 3.406e+13
2.5e+13 3.794e+13
3e+13 4.197e+13
4e+13 5.036e+13
5e+13 5.899e+13
6e+13 6.776e+13
8e+13 8.545e+13
1e+14 1.032e+14
1.5e+14 1.472e+14
2e+14 1.904e+14
2.5e+14 2.327e+14
3e+14 2.743e+14
4e+14 3.552e+14
5e+14 4.332e+14
6e+14 5.089e+14
8e+14 6.543e+14
1e+15 7.933e+14
1.5e+15 1.119e+15
2e+15 1.419e+15
2.5e+15 1.701e+15
3e+15 1.963e+15
4e+15 2.446e+15
5e+15 2.881e+15
6e+15 3.269e+15
8e+15 3.94e+15
1e+16 4.491e+15
